8.479999999999999716e+01 -1.750000000000000000e+01
9.070000000000000284e+01 -6.079999999999999716e+01
3.600000000000000000e+01 -6.300000000000000000e+01
-4.350000000000000000e+01 -6.600000000000000000e+01
-5.320000000000000284e+01 -5.339999999999999858e+01
-5.400000000000000000e+01 -4.110000000000000142e+01
-1.800000000000000000e+01 -4.110000000000000142e+01
3.000000000000000000e+00 -9.500000000000000000e+00
-1.550000000000000000e+01 -5.799999999999999822e+00
-1.630000000000000071e+01 2.000000000000000111e-01
-5.879999999999999716e+01 2.000000000000000111e-01
-5.879999999999999716e+01 5.799999999999999822e+00
2.239999999999999858e+01 9.099999999999999645e+00
2.269999999999999929e+01 -6.799999999999999822e+00
8.479999999999999716e+01 -1.750000000000000000e+01
